1645601187
1645601332
1645601475
1645601618
1645601762
1645601905
1645602048
1645602192
1645602335
1645602478
1645602622
1645602765
1645602909
1645603052
1645603195
1645603339
1645603482
1645603625
1645603769
1645603912
1645604055
1645604199
1645604342
1645604485
1645604629
1645604772
1645604916
1645605059
1645605202
1645605346
1645605489
1645605633
1645605776
1645605919
1645606063
1645606206
1645606349
1645606493
1645606636
1645606780
1645606923
1645607066
1645607209
1645607353
1645607497
1645607642
1645607785
1645607928
1645608072
1645608215
1645608358
1645608502
1645608645
1645608789
1645608934
1645609078
1645609220
1645609364
1645609508
1645609651
1645609795
1645609940
1645610083
1645610229
1645610372
1645610515
1645610659
1645610804
1645610947
1645611091
1645611236
1645611380
1645611525
1645611668
1645611811
1645611954
1645612098
1645612244
1645612388
1645612532
1645612676
1645612821
1645612966
1645613110
1645613254
1645613399
1645613544
1645613688
1645613833
1645613979
1645614124
1645614267
1645614412
1645614556
1645614700
1645614845
1645614991
