#how to read {timestamp, aggregated_cpu}
1645601179 0
1645601316 100.07
1645601453 99.97
1645601591 100.04
1645601728 200.22
1645601865 200.22
1645602002 99.71
1645602139 0
1645602275 300.11
1645602412 299.90
1645602549 297.18
1645602686 400.72
1645602824 400.30
1645602961 399.58
1645603097 0
1645603233 500.37
1645603370 500.55
1645603508 500.91
1645603645 600.02
1645603782 601.18
1645603919 600.23
1645604055 0
1645604192 697.15
1645604329 700.77
1645604466 0
1645604603 800.02
1645604741 800.87
1645604878 798.26
1645605014 0
1645605150 900.02
1645605287 100.11
1645605424 0
1645605560 1002.88
1645605697 1001.10
1645605834 1000.04
1645605970 0
1645606107 1100.42
1645606244 100.07
1645606380 0
1645606516 1203.45
1645606653 1203.03
1645606791 1193.81
1645606928 1299.01
1645607065 1298.18
1645607202 100.04
1645607338 0
1645607475 1400.70
1645607612 1399.70
1645607749 1398.27
1645607886 1498.33
1645608023 1400.53
1645608161 1493.39
1645608297 0
1645608433 1601.76
1645608570 1601.18
1645608708 100.04
1645608844 0
1645608980 1699.71
1645609117 1558.64
1645609254 1700.01
1645609391 0
1645609527 1805.15
1645609664 1792.52
1645609801 1794.24
1645609937 0
1645610074 1900.05
1645610211 1905.82
1645610348 1906.83
1645610485 2002.08
1645610622 1401.03
1645610760 100.11
1645610896 0
1645611032 2099.39
1645611169 2099.94
1645611306 100.72
1645611443 0
1645611579 2200.82
1645611716 2200.05
1645611853 1913.11
1645611989 0
1645612126 1401.53
1645612263 2300.88
1645612400 2305.58
1645612537 2391.03
1645612674 2400.06
1645612812 2402.62
1645612949 2399.89
1645613086 2499.97
1645613223 2500.72
1645613361 100.04
1645613497 0
1645613633 2599.45
1645613770 2599.26
1645613907 2607.29
1645614044 0
1645614180 2698.15
1645614317 2635.08
1645614454 2709.01
1645614590 0
1645614727 1402.03
1645614864 2820.61
1645615001 2787.36
