#how to read {start, load, score, end}
1645601233 1 1211.4670907673885 1645601620
1645601710 2 2384.9649882546614 1645602096
1645602186 3 3540.0795601327695 1645602571
1645602661 4 4670.3888156620642 1645603045
1645603135 5 5773.8535773334052 1645603519
1645603609 6 6831.7944157662632 1645603992
1645604082 7 7884.001051955498 1645604465
1645604555 8 8891.9233528106251 1645604938
1645605028 9 9890.2154629205907 1645605411
1645605501 10 10852.155559031931 1645605885
1645605975 11 11810.223480503413 1645606358
1645606448 12 12708.963427250457 1645606832
1645606922 13 13598.865533220876 1645607305
1645607395 14 14480.080209350917 1645607779
1645607869 15 14864.862660081393 1645608296
1645608386 16 15202.393174536215 1645608813
1645608903 17 15552.808890023574 1645609330
1645609420 18 15890.600690382224 1645609848
1645609938 19 16202.580840349252 1645610365
1645610455 20 16517.368670712265 1645610882
1645610972 21 16829.197208124533 1645611400
1645611490 22 17133.244625720934 1645611918
1645612008 23 17394.301784189523 1645612436
1645612526 24 17698.895813111831 1645612955
1645613045 25 17977.116924226109 1645613473
1645613563 26 18229.258812705761 1645613991
1645614081 27 18495.627981076643 1645614510
1645614600 28 18760.527688241538 1645615028
